# Created by Octave 3.2.0, Fri Dec 11 08:24:40 2009 ART <savazque@labu96.unix.lab.>
# name: ercop2
# type: matrix
# rows: 38
# columns: 1
 0.25
 0.25
 0.5
 0.5
 0.5
 0.5
 0.75
 0.75
 0.75
 0.75
 0.75
 0.75
 1
 1
 1
 1
 1
 1
 1
 1
 1.25
 1.25
 1.25
 1.25
 1.25
 1.25
 1.25
 1.25
 1.25
 1.25
 1.5
 1.5
 1.5
 1.5
 1.5
 1.5
 1.70
 1.70
