# Created by Octave 3.2.0, Fri Dec 11 09:05:18 2009 ART <savazque@labu96.unix.lab.>
# name: ercopdata
# type: matrix
# rows: 1
# columns: 38
 0.25 0.25 0.5 0.5 0.5 0.5 0.75 0.75 0.75 0.75 0.75 0.75 1 1 1 1 1 1 1 1 1.25 1.25 1.25 1.25 1.25 1.25 1.25 1.25 1.25 1.25 1.5 1.5 1.5 1.5 1.5 1.5 1.7 1.7
