# Created by Octave 3.0.5, Thu Nov 26 10:03:43 2009 ART <santiago@santiago-laptop>
# name: a
# type: matrix
# rows: 1
# columns: 7748
 0.07199999999999999 0.07000000000000001 0.335 0.206 0.208 0.078 0.077 0.128 0.075 0.224 0.042 0.092 0.099 0.194 0.236 0.192 0.186 0.244 0.27 0.064 0.212 0.379 0.101 0.142 0.192 0.204 0.289 0.203 0.728 0.383 0.077 0.144 0.172 0.331 0.237 0.096 0.384 0.303 0.093 0.112 0.178 0.354 0.103 0.242 0.455 0.169 0.066 0.202 0.178 0.044 0.205 0.213 0.075 0.225 0.296 0.992 0.319 0.268 0.103 0.048 0.339 0.264 0.077 0.117 0.182 0.849 0.237 0.08599999999999999 0.243 0.246 0.199 0.091 0.208 0.175 0.064 0.12 0.421 0.165 0.112 0.083 0.192 0.107 0.194 0.07199999999999999 0.245 0.133 0.134 0.142 0.039 0.103 0.143 0.109 0.036 0.476 0.158 0.131 0.254 0.124 0.048 0.571 0.133 0.139 0.105 0.189 0.231 0.08599999999999999 0.122 0.309 0.233 0.278 0.243 0.322 0.328 0.098 0.221 0.24 0.424 0.141 0.151 0.205 0.34 0.07000000000000001 0.12 0.283 0.163 0.222 0.293 0.117 0.156 0.147 0.211 0.159 0.077 0.326 0.267 0.152 0.103 0.254 0.247 0.261 0.056 0.12 0.269 0.092 0.346 0.5659999999999999 0.504 0.229 0.131 0.045 0.099 0.067 0.6840000000000001 0.062 0.268 0.134 1.126 0.101 0.023 0.089 0.242 0.288 0.357 0.148 0.131 0.192 0.122 0.063 0.213 0.304 0.332 0.256 0.056 0.041 0.493 0.143 0.148 0.133 0.227 0.131 0.095 0.257 0.116 0.077 0.052 0.067 0.248 0.138 0.308 0.18 0.219 0.246 0.07000000000000001 0.035 0.188 0.227 0.041 0.165 0.379 0.105 0.08400000000000001 0.174 0.046 0.268 0.099 0.222 0.287 0.659 0.149 0.55 0.257 0.167 0.074 0.052 0.039 0.064 0.068 0.045 0.432 0.14 0.098 0.067 0.272 0.26 0.105 0.148 0.145 0.225 0.346 0.205 0.407 0.121 0.298 0.112 0.997 0.302 0.04 0.08599999999999999 0.13 0.115 0.057 0.555 0.119 0.754 0.18 0.288 0.08 0.128 0.11 0.081 0.159 0.457 0.121 0.207 0.158 0.052 0.321 0.078 0.339 0.242 0.155 0.435 0.271 0.08 0.193 0.242 0.146 0.224 0.217 0.238 0.104 0.363 0.133 0.104 0.42 0.744 0.28 0.289 0.056 0.187 0.117 0.094 0.449 0.168 0.052 0.047 0.205 0.143 0.274 0.08599999999999999 0.147 0.382 0.061 0.156 0.462 0.24 0.197 0.162 0.197 0.026 0.293 0.15 0.222 0.33 0.108 0.105 0.098 0.111 0.23 0.06900000000000001 0.098 0.094 0.081 0.046 0.225 0.098 0.304 0.223 0.212 0.051 0.203 0.242 0.231 0.07099999999999999 0.611 0.267 0.163 0.08400000000000001 0.108 0.105 0.161 0.434 0.151 0.091 0.081 0.17 0.347 0.225 0.158 0.177 0.096 0.091 0.168 0.574 0.188 0.07199999999999999 0.192 0.29 0.15 0.174 0.056 0.094 0.514 0.467 0.068 0.126 0.152 0.375 0.163 0.055 0.221 0.12 0.213 0.108 0.105 0.175 0.298 0.02 0.273 0.111 0.29 0.185 0.319 0.151 0.139 0.091 0.076 0.262 0.298 0.269 0.267 0.322 0.025 0.025 0.416 0.119 0.166 0.189 0.251 0.051 0.099 0.349 0.209 0.493 0.141 0.106 0.11 0.156 0.267 0.036 0.102 0.139 0.049 0.055 0.585 0.113 0.146 0.158 0.243 0.155 0.112 0.141 0.08500000000000001 0.203 0.112 0.217 0.123 0.206 0.173 0.281 0.174 0.361 0.363 0.218 0.16 0.226 0.341 0.166 0.222 0.242 0.136 0.06 0.194 0.185 0.237 0.308 0.34 0.33 0.423 0.111 0.276 0.163 0.213 0.168 0.25 0.298 0.12 0.152 0.081 0.232 0.193 0.187 0.184 0.494 0.147 0.35 0.145 0.385 0.154 0.853 1.779 0.068 0.115 0.096 0.156 0.06900000000000001 0.296 0.306 0.063 0.095 0.362 0.196 0.049 0.138 0.224 0.08599999999999999 0.186 0.301 0.245 0.13 0.528 0.103 0.165 0.06900000000000001 0.492 0.103 0.02 0.553 0.105 0.043 0.135 0.187 0.221 0.105 0.073 0.18 0.176 0.457 0.239 0.12 0.124 0.133 0.49 0.344 0.157 0.276 0.116 0.08599999999999999 0.211 0.116 0.106 0.061 0.297 0.237 0.097 0.327 0.08400000000000001 0.161 0.094 0.052 0.101 0.133 0.155 0.546 0.172 0.038 0.428 0.201 0.194 0.155 0.207 0.113 0.248 0.133 0.339 0.082 0.137 0.242 0.035 0.168 0.082 0.148 0.279 0.468 0.197 0.105 0.051 0.126 0.109 0.157 0.449 0.256 0.299 0.082 0.082 0.145 0.102 0.155 0.225 0.165 0.08699999999999999 0.08799999999999999 0.331 0.241 0.163 0.137 0.267 0.351 0.373 0.115 0.118 1.125 0.236 0.22 0.152 0.237 0.1 0.236 0.132 0.284 0.366 0.383 0.062 0.073 0.115 0.239 0.074 0.129 0.037 0.112 0.132 0.189 0.18 0.091 0.704 0.063 0.099 0.187 0.109 0.108 0.194 0.049 0.091 0.222 0.166 0.17 0.204 0.128 0.146 0.478 0.338 0.15 0.049 0.217 0.032 0.239 0.219 0.3 0.187 0.136 0.041 0.065 0.141 0.241 0.076 0.114 0.179 0.042 0.083 0.082 0.142 0.21 0.178 0.193 0.039 0.077 0.055 0.474 0.606 0.139 0.103 0.218 0.113 0.213 0.154 0.112 0.051 0.019 0.121 0.407 0.256 0.132 0.158 0.082 0.129 0.101 0.093 0.45 0.105 0.211 0.448 0.215 0.025 0.209 0.207 0.116 0.227 0.06 0.351 0.09 0.041 0.15 0.095 0.099 0.221 0.108 0.118 0.281 0.075 0.376 0.193 0.141 0.272 0.221 0.187 0.351 0.149 0.129 0.277 0.131 0.153 0.202 0.137 0.254 0.205 0.295 0.095 0.096 0.131 0.231 0.255 0.128 0.414 0.199 0.291 0.049 0.274 0.139 0.15 0.11 0.308 0.104 0.282 0.144 0.161 0.505 0.342 0.217 0.231 0.119 0.106 0.425 0.19 0.215 0.368 0.08699999999999999 0.32 0.527 0.185 0.134 0.08400000000000001 0.384 0.129 0.136 0.113 0.18 0.138 0.06900000000000001 0.111 0.281 0.107 0.092 0.16 0.232 0.107 0.358 0.156 0.115 0.055 0.083 0.074 0.093 0.134 0.095 0.139 0.145 0.138 0.197 0.457 0.097 0.364 0.096 0.164 0.192 0.043 0.097 0.133 0.055 0.222 0.322 0.259 0.099 0.237 0.06 0.107 0.33 0.119 0.123 0.179 0.222 0.177 0.292 0.175 0.17 0.609 0.077 0.162 0.274 0.288 0.187 0.204 0.074 0.07199999999999999 0.232 0.098 0.158 0.165 0.309 0.248 0.196 0.123 0.175 0.156 0.123 0.232 0.512 0.242 0.315 0.218 0.223 0.122 0.059 0.203 0.166 0.166 0.05 0.189 0.436 0.199 0.298 0.15 0.42 0.043 0.137 0.17 0.132 0.127 0.187 0.159 0.199 0.066 0.221 0.208 0.189 0.409 0.065 0.478 0.319 0.254 0.241 0.056 0.288 0.142 0.124 0.118 0.202 0.067 0.182 0.171 0.067 0.079 0.231 0.09 0.026 0.08699999999999999 0.067 0.104 0.08 0.174 0.175 0.093 0.223 0.244 0.097 0.178 0.078 0.143 0.345 0.038 0.117 0.508 0.095 0.156 0.08500000000000001 0.182 0.02 0.128 0.113 0.098 0.07199999999999999 0.252 0.179 0.093 0.263 0.25 0.111 0.089 0.092 0.187 0.166 0.405 0.122 0.182 0.428 0.06 0.288 0.176 0.302 0.349 0.089 0.884 0.159 0.135 0.186 0.273 0.122 0.039 0.304 0.508 0.194 0.326 0.095 0.182 0.101 0.187 0.344 0.093 0.237 0.193 0.067 0.121 0.194 0.154 0.12 0.211 0.119 0.194 0.178 0.365 0.174 0.082 0.519 0.117 0.077 0.161 0.193 0.431 0.062 0.073 0.195 0.256 0.233 0.116 0.147 0.139 0.133 0.131 0.048 0.249 0.368 0.216 0.059 0.363 0.126 0.078 0.046 0.081 0.214 0.353 0.208 0.198 0.095 0.169 0.273 0.123 0.1 0.182 0.164 0.189 0.338 0.171 0.103 0.096 0.07000000000000001 0.155 0.047 0.067 0.231 0.2 0.351 0.096 0.11 0.174 0.137 0.083 0.227 0.143 0.356 0.459 0.342 0.195 0.128 0.222 0.133 0.098 0.291 0.36 0.148 0.136 0.098 0.424 0.074 0.258 0.1 0.08500000000000001 0.27 0.332 0.136 0.442 0.157 0.09 0.148 0.08799999999999999 0.062 0.147 0.155 0.185 0.042 0.171 0.355 0.18 0.248 0.139 0.052 0.055 0.245 0.314 0.108 0.167 0.026 0.275 0.286 0.08699999999999999 0.675 0.215 0.183 0.051 0.104 0.07000000000000001 0.218 0.377 0.108 0.094 0.122 0.273 0.129 0.256 0.112 0.302 0.313 0.12 0.211 0.203 0.162 0.318 0.112 0.06 0.119 0.18 0.16 0.315 0.104 0.276 0.173 0.226 0.036 0.256 0.117 0.379 0.142 0.152 0.229 0.195 0.414 0.239 0.204 0.218 0.105 0.13 0.118 0.486 0.197 0.301 0.163 0.094 0.053 0.075 0.445 0.187 0.242 0.336 0.199 0.541 0.148 0.057 0.289 0.309 0.089 0.133 0.182 0.26 0.165 0.073 0.324 0.401 0.166 0.262 0.202 0.179 0.052 0.179 0.199 0.106 0.07000000000000001 0.129 0.136 0.131 0.097 0.15 0.274 0.309 0.111 0.2 0.156 0.093 0.663 0.073 0.247 0.194 0.101 0.05 0.31 0.182 0.136 0.272 0.177 0.114 0.111 0.197 0.092 0.184 0.082 0.153 0.101 0.159 0.161 0.128 0.101 0.368 0.166 0.099 0.32 0.082 0.114 0.115 0.314 0.5 0.147 0.355 0.242 0.541 0.176 0.179 0.195 0.16 0.035 0.271 0.247 0.041 0.081 0.276 0.185 0.17 0.204 0.433 0.193 0.114 0.136 0.238 0.266 0.117 0.535 0.294 0.08599999999999999 0.104 0.115 0.131 0.136 0.187 0.39 0.245 0.321 0.137 0.358 0.164 0.236 0.192 0.278 0.153 0.113 0.098 0.037 0.213 0.192 0.246 0.386 0.09 0.249 0.054 0.103 0.094 0.112 0.095 0.181 0.08799999999999999 0.323 0.209 0.038 0.08799999999999999 0.097 0.203 0.14 0.056 0.327 0.109 0.08799999999999999 0.112 0.238 0.3 0.203 0.149 0.139 0.181 