# Created by Octave 3.2.0, Fri Dec 11 08:28:33 2009 ART <savazque@labu96.unix.lab.>
# name: arriboscop
# type: matrix
# rows: 1
# columns: 1000
 0.0061 0.09859999999999999 0.1502 0.0133 0.1937 0.1758 0.1294 0.1117 0.0071 0.0473 0.0599 0.1389 0.0825 0.1312 0.0091 0.0866 0.1209 0.0391 0.0992 0.1281 0.0138 0.112 0.142 0.09030000000000001 0.0624 0.0326 0.063 0.2625 0.2282 0.0582 0.0941 0.2547 0.09760000000000001 0.2395 0.6830000000000001 0.4788 0.392 0.0914 0.0756 0.0022 0.0236 0.0935 0.5066000000000001 0.0385 0.0127 0.09719999999999999 0.0167 0.0491 0.1103 0.044 0.0583 0.008200000000000001 0.0387 0.1231 0.09859999999999999 0.028 0.1596 0.1521 0.1505 0.0426 0.0098 0.2197 0.1608 0.0169 0.0594 0.0364 0.0163 0.0414 0.0561 0.1445 0.2083 0.1723 0.0292 0.1707 0.0187 0.1083 0.0525 0.0017 0.0027 0.2626 0.008 0.004 0.0898 0.0535 0.1479 0.0104 0.049 0.0123 0.1764 0.2794 0.1069 0.0167 0.0955 0.046 0.1107 0.0135 0.5535 0.0261 0.0488 0.1318 0.3419 0.2385 0.0225 0.2405 0.0069 0.125 0.024 0.2153 0.4553 0.0211 0.0248 0.1012 0.1118 0.1606 0.1624 0.5543 0.0139 0.07829999999999999 0.258 0.3779 0.2369 0.037 0.0397 0.3203 0.6162 0.1915 0.045 0.06759999999999999 0.0191 0.0665 0.1939 0.1273 0.093 0.2056 0.0355 0.0605 0.2155 0.09710000000000001 0.4115 0.0258 0.1562 0.2232 0.292 0.0371 0.054 0.1938 0.1986 0.09760000000000001 0.0747 0.1657 0.5018 0.1034 0.1205 0.1545 0.2323 0.035 0.0187 0.1435 0.1198 0.0514 0.09710000000000001 0.08550000000000001 0.0192 0.5222 0.0067 0.008500000000000001 0.0244 0.033 0.0141 0.0244 0.0916 0.093 0.0062 0.0173 0.008699999999999999 0.1045 0.0939 0.07000000000000001 0.1643 0.1406 0.02 0.0956 0.5103 0.06759999999999999 0.1576 0.07729999999999999 0.1063 0.0621 0.2205 0.0747 0.1916 0.0124 0.0244 0.0624 0.2175 0.0477 0.6225000000000001 0.0028 0.1326 0.1867 0.0212 0.1455 0.1807 0.0501 0.1834 0.4716 0.3615 0.0422 0.0176 0.0514 0.0461 0.044 0.078 0.068 0.353 0.1163 0.0517 0.0083 0.0024 0.1767 0.0221 0.0021 0.0405 0.028 0.0485 0.0825 0.0712 0.1774 0.2256 0.1402 0.0412 0.1099 0.0959 0.0219 0.1419 0.1016 0.1939 0.2111 0.1981 0.0393 0.1426 0.0564 0.0038 0.0537 0.0056 0.1995 0.0372 0.124 0.0482 0.2438 0.1971 0.1174 0.3618 0.031 0.3221 0.0459 0.5541 0.0337 0.1162 0.2493 0.1434 0.1041 0.0133 0.09810000000000001 0.2154 0.0736 0.0339 0.1501 0.0873 0.0111 0.227 0.0277 0.1658 0.0597 0.2392 0.0432 0.01 0.008399999999999999 0.2085 0.0579 0.1166 0.0202 0.2439 0.7442 0.1576 0.0181 0.12 0.0073 0.0283 0.1813 0.019 0.0572 0.0425 0.08 0.0406 0.0626 0.0376 0.0198 0.1854 0.07199999999999999 0.08400000000000001 0.1969 0.1877 0.2722 0.0073 0.0127 0.012 0.0945 0.2219 0.1331 0.0236 0.06759999999999999 0.3015 0.1077 0.042 0.0526 0.0551 0.0193 0.1077 0.007 0.0241 0.1741 0.06909999999999999 0.3532 0.065 0.0498 0.07199999999999999 0.137 0.0072 0.0153 0.1288 0.008500000000000001 0.1177 0.2277 0.0346 0.1487 0.1312 0.017 0.1147 0.1162 0.129 0.0507 0.1186 0.1401 0.0385 0.07530000000000001 0.1124 0.3129 0.2137 0.2178 0.0382 0.056 0.1932 0.0131 0.0054 0.1408 0.043 0.3607 0.1357 0.1954 0.0211 0.1108 0.06809999999999999 0.0371 0.0304 0.0679 0.1059 0.2525 0.1067 0.0587 0.1192 0.0507 0.078 0.11 0.2182 0.0423 0.0213 0.2574 0.0819 0.4166 0.0725 0.1188 0.0314 0.2131 0.1491 0.09719999999999999 0.1026 0.1177 0.0774 0.0035 0.0437 0.0624 0.0233 0.0533 0.0061 0.0571 0.0684 0.3678 0.4947 0.1774 0.0276 0.04 0.0617 0.0214 0.0051 0.0053 0.0805 0.0063 0.0263 0.0463 0.0779 0.0304 0.149 0.0432 0.3481 0.0153 0.0858 0.0141 0.0927 0.0613 0.2106 0.2019 0.2744 0.2992 0.112 0.0025 0.0427 0.3274 0.0237 0.1842 0.1565 0.0021 0.1741 0.1974 0.2042 0.1652 0.0258 0.0083 0.09710000000000001 0.3081 0.0159 0.0422 0.3315 0.5215 0.5884 0.0366 0.0868 0.1597 0.141 0.0285 0.239 0.2599 0.0001 0.016 0.4835 0.5332 0.049 0.1861 0.0216 0.0156 0.0135 0.1208 0.08359999999999999 0.1319 0.1251 0.1937 0.2359 0.1483 0.0152 0.0391 0.145 0.06809999999999999 0.0476 0.0882 0.0038 0.0496 0.0234 0.0052 0.0694 0.2232 0.1509 0.0474 0.0319 0.0582 0.2177 0.09080000000000001 0.0001 0.0488 0.0495 0.1392 0.3284 0.0047 0.244 0.058 0.4233 0.0014 0.3399 0.2819 0.0454 0.1234 0.0648 0.1225 0.5051 0.0808 0.4326 0.1031 0.0721 0.1493 0.0404 0.0277 0.0795 0.1608 0.0243 0.0796 0.0001 0.1316 0.0618 0.0018 0.0601 0.2646 0.1005 0.3612 0.4864 0.0041 0.0569 0.1785 0.0672 0.0239 0.0235 0.2425 0.0654 0.0427 0.0571 0.1376 0.1405 0.0329 0.0046 0.06950000000000001 0.0638 0.2405 0.0762 0.0344 0.1693 0.2446 0.1799 0.0535 0.0361 0.0235 0.1643 0.111 0.1878 0.1008 0.1602 0.0263 0.2402 0.1162 0.0546 0.0339 0.0484 0.1707 0.0293 0.0263 0.0499 0.5155 0.008999999999999999 0.0461 0.2974 0.185 0.0692 0.1127 0.0929 0.0067 0.0609 0.0946 0.0805 0.0679 0.0105 0.0603 0.012 0.2852 0.0276 0.0609 0.05 0.1518 0.4597 0.3393 0.1647 0.2036 0.3279 0.2203 0.0607 0.0162 0.0542 0.08890000000000001 0.0203 0.3588 0.08 0.2124 0.002 0.0155 0.1054 0.0373 0.074 0.0097 0.2012 0.1425 0.1035 0.0567 0.0693 0.001 0.0161 0.0047 0.0452 0.0513 0.0408 0.5039 0.3156 0.0467 0.0309 0.0165 0.0317 0.07099999999999999 0.0158 0.2691 0.0882 0.0036 0.1477 0.5222 0.8204 0.08409999999999999 0.0012 0.0184 0.1404 0.0736 0.1496 0.0285 0.131 0.03 0.5979 0.3357 0.0989 0.0462 0.1416 0.0955 0.1605 0.08359999999999999 0.3515 0.0091 0.1958 0.2017 0.185 0.1237 0.0465 0.0287 0.0104 0.0529 0.08359999999999999 0.3119 0.0576 0.2512 0.1367 0.1 0.318 0.4999 0.5171 0.0049 0.06909999999999999 0.5314 0.0139 0.1194 0.0383 0.058 0.1779 0.0327 0.043 0.1064 0.2613 0.0793 0.0117 0.0141 0.0354 0.0129 0.09370000000000001 0.0332 0.0626 0.158 0.0338 0.0423 0.1159 0.2224 0.0985 0.0281 0.0649 0.1326 0.138 0.0083 0.0246 0.081 0.0822 0.1746 0.0457 0.0481 0.312 0.06859999999999999 0.5732 0.1858 0.1926 0.1973 0.0318 0.1109 0.021 0.1558 0.1162 0.0298 0.0517 0.0557 0.0562 0.1543 0.0871 0.2958 0.2414 0.0746 0.0312 0.0264 0.0315 0.1889 0.3386 0.139 0.09030000000000001 0.0037 0.0599 0.2903 0.0539 0.1915 0.0403 0.0555 0.1565 0.0016 0.0654 0.0295 0.1192 0.1073 0.0825 0.0487 0.1725 0.0664 0.0896 0.0064 0.0469 0.1957 0.0954 0.0115 0.0226 0.0071 0.1602 0.3751 0.0621 0.0103 0.0313 0.0405 0.4326 0.1334 0.2616 0.0366 0.0027 0.1395 0.0885 0.025 0.0172 0.0541 0.5224 0.0619 0.0115 0.0011 0.0726 0.1149 0.2188 0.2227 0.0822 0.0198 0.0457 0.0224 0.2523 0.0556 0.0265 0.2852 0.0054 0.0325 0.0279 0.0484 0.4011 0.0622 0.0391 0.09619999999999999 0.0479 0.0588 0.4259 0.0514 0.0775 0.0237 0.0596 0.025 0.0339 0.2116 0.0036 0.498 0.0593 0.0493 0.2442 0.0864 0.4936 0.0425 0.0149 0.1824 0.0242 0.1992 0.2861 0.1562 0.2699 0.0533 0.0639 0.1027 0.1043 0.2347 0.142 0.3425 0.1175 0.1856 0.094 0.0497 0.1201 0.2154 0.4002 0.0286 0.1233 0.0552 0.0219 0.3014 0.1523 0.0077 0.0398 0.0211 0.0194 0.1791 0.0862 0.0441 0.0954 0.1294 0.0115 0.2876 0.2971 0.0053 0.0916 0.5899 0.0474 0.09470000000000001 0.23 0.0108 0.0636 0.07969999999999999 0.098 0.0167 0.1771 0.0735 0.1808 0.1249 0.0315 0.0178 0.051 0.0386 0.2248 0.0974 0.0505 0.1392 0.3222 0.0471 0.0572 0.0138 0.1758 0.0044 0.0429 0.0059 0.0861 0.1052 0.1886 0.0382 0.0536 0.0009 0.145 0.2191 0.0885 0.1676 0.1182 0.0476 0.0539 0.0707 0.1251 0.0759 0.0076 1.0062 0.2534 0.2006 0.2049 0.1284 0.131 0.0956 0.0854 0.0827 0.0689 0.1549 0.0401 0.1072 0.1035 0.2555 0.3734 0.0136 0.09229999999999999 0.0498 0.2133 0.2839 0.1557 0.0591 0.0474 0.1532 0.107 0.1641 0.3171 0.0052 0.0703 0.0243 0.0173 0.1389 0.1981 0.0867 0.0166 0.1751 0.0596 0.2636 0.0059 0.455 0.026 0.2091 0.06850000000000001 0.1754 0.0382 0.0115 0.0572 0.0038 0.08840000000000001 0.0198 0.1754 0.1683 0.4489 0.077 0.038 0.1716 0.0639 0.0167 0.0279 0.0055 0.3601 0.08169999999999999 0.434 0.1974 0.0505 0.3055 0.0919 0.0786 0.0114 0.0358 0.0534 0.0736 0.1978 0.0097 0.1277 0.1987 0.0071 0.0401 0.5187 0.0148 0.0204 0.1288 0.166 0.0317 0.1269 0.2099 0.1094 0.008200000000000001 0.0065 0.3387 0.2121 0.1414 0.2384 0.0248 0.0397 0.0007 0.1065 0.0781 0.0095 0.0051
